tensor([[ 2.1094e-01],
        [-9.0820e-02],
        [ 6.7969e-01],
        [ 1.4648e-01],
        [ 3.4766e-01],
        [-3.7109e-02],
        [-2.4219e-01],
        [ 3.2031e-01],
        [-1.9141e-01],
        [ 2.3438e-01],
        [ 1.6211e-01],
        [-4.7607e-02],
        [-2.4219e-01],
        [ 1.8848e-01],
        [ 1.9043e-01],
        [ 1.0742e-01],
        [ 2.6953e-01],
        [ 5.8594e-01],
        [-1.9141e-01],
        [ 1.3770e-01],
        [ 1.2451e-01],
        [ 4.8633e-01],
        [-2.3242e-01],
        [ 8.5449e-02],
        [ 1.4355e-01],
        [ 2.3242e-01],
        [-1.9409e-02],
        [ 7.8125e-03],
        [ 1.9727e-01],
        [-7.3730e-02],
        [-2.3047e-01],
        [-1.2500e-01],
        [-2.4805e-01],
        [-2.4414e-01],
        [-1.9531e-03],
        [ 4.7656e-01],
        [ 1.2695e-01],
        [-1.8750e-01],
        [ 2.0605e-01],
        [-4.3945e-02],
        [ 4.2773e-01],
        [-7.9590e-02],
        [-8.6426e-02],
        [ 1.2402e-01],
        [-8.3984e-02],
        [ 1.5039e-01],
        [-1.1328e-01],
        [ 1.6797e-01],
        [ 2.8906e-01],
        [-1.1523e-01],
        [ 2.5195e-01],
        [ 5.1270e-02],
        [-2.5000e-01],
        [ 2.0020e-01],
        [-2.3828e-01],
        [ 9.5215e-02],
        [ 3.3203e-02],
        [-1.9336e-01],
        [ 2.3730e-01],
        [-1.2598e-01],
        [ 2.6758e-01],
        [-2.4805e-01],
        [ 6.2500e-02],
        [ 2.0410e-01],
        [ 4.1992e-01],
        [-1.3672e-01],
        [-9.5703e-02],
        [-1.5234e-01],
        [-1.2451e-01],
        [ 6.1768e-02],
        [-7.8125e-02],
        [-1.5625e-01],
        [-9.7656e-02],
        [ 2.7930e-01],
        [-2.0752e-02],
        [-1.3672e-02],
        [-1.5527e-01],
        [ 0.0000e+00],
        [ 8.7891e-02],
        [-9.7656e-03],
        [-8.5938e-02],
        [ 1.2451e-01],
        [-1.1719e-02],
        [-1.2305e-01],
        [ 1.2891e-01],
        [-2.5391e-02],
        [ 3.9062e-03],
        [ 2.5781e-01],
        [ 2.4902e-01],
        [ 2.5000e-01],
        [-1.6016e-01],
        [-1.7578e-01],
        [ 1.2451e-01],
        [-2.1582e-01],
        [-2.7344e-02],
        [ 1.7578e-02],
        [-4.6875e-02],
        [ 4.4922e-02],
        [-1.8945e-01],
        [ 2.8125e-01],
        [ 6.0547e-02],
        [-2.7148e-01],
        [-6.2500e-02],
        [-1.4258e-01],
        [ 2.3340e-01],
        [ 4.9219e-01],
        [-3.1250e-02],
        [ 3.8086e-01],
        [ 1.6113e-02],
        [ 3.5156e-01],
        [ 2.2754e-01],
        [ 1.2598e-01],
        [-1.2500e-01],
        [ 2.1680e-01],
        [-1.0205e-01],
        [-1.7383e-01],
        [ 1.5039e-01],
        [-1.8945e-01],
        [ 5.5664e-02],
        [ 2.0215e-01],
        [-1.8750e-01],
        [-1.9141e-01],
        [ 1.2891e-01],
        [-5.4688e-02],
        [-1.2305e-01],
        [ 1.9434e-01],
        [-6.5918e-02],
        [ 2.9883e-01],
        [-1.7188e-01],
        [ 2.4219e-01],
        [-1.2012e-01],
        [-4.4922e-02],
        [ 2.4902e-01],
        [ 7.5684e-02],
        [-2.2070e-01],
        [ 1.5234e-01],
        [-2.1582e-01],
        [-1.9922e-01],
        [-1.1902e-03],
        [-7.8613e-02],
        [-2.0312e-01],
        [ 7.3242e-02],
        [ 2.9297e-01],
        [ 1.8457e-01],
        [-4.0283e-02],
        [ 1.0010e-01],
        [-8.0078e-02],
        [-1.7773e-01],
        [ 6.7871e-02],
        [ 2.4121e-01],
        [-6.5918e-02],
        [-2.0020e-01],
        [ 7.7637e-02],
        [-4.6875e-02],
        [-1.7480e-01],
        [ 1.0840e-01],
        [ 1.9531e-02],
        [ 1.4648e-01],
        [ 1.1377e-01],
        [ 1.6016e-01],
        [ 1.4648e-01],
        [-1.9141e-01],
        [ 6.0156e-01],
        [ 1.0205e-01],
        [ 1.3867e-01],
        [-1.0791e-01],
        [-2.3047e-01],
        [-1.4844e-01],
        [ 2.4902e-01],
        [-8.9844e-02],
        [ 1.6602e-01],
        [ 1.2207e-01],
        [-1.9922e-01],
        [-1.8750e-01],
        [-2.2266e-01],
        [-2.2070e-01],
        [ 1.1475e-01],
        [-1.0742e-01],
        [ 3.2617e-01],
        [ 1.1035e-01],
        [ 8.7891e-02],
        [-2.2852e-01],
        [-9.3750e-02],
        [-1.7578e-01],
        [-1.0742e-01],
        [ 3.6328e-01],
        [-2.2461e-01],
        [-2.2461e-01],
        [-1.5918e-01],
        [ 5.0781e-02],
        [-2.4707e-01],
        [-1.4160e-01],
        [ 1.2695e-01],
        [ 6.2500e-02],
        [-1.7773e-01],
        [ 7.8125e-03],
        [-1.7773e-01],
        [ 1.6504e-01],
        [ 2.4219e-01],
        [-1.0352e-01],
        [ 3.5156e-02],
        [-1.6797e-01],
        [-1.5625e-02],
        [ 2.5781e-01],
        [ 9.4891e-05],
        [ 2.9688e-01],
        [-2.1094e-01],
        [ 1.5747e-02],
        [ 7.8735e-03],
        [ 1.1719e-01],
        [ 5.7129e-02],
        [ 1.1719e-01],
        [ 1.0889e-01],
        [-1.6406e-01],
        [-3.1250e-02],
        [ 1.2793e-01],
        [-3.3203e-02],
        [ 1.2451e-01],
        [ 1.2988e-01],
        [-3.0859e-01],
        [-1.7773e-01],
        [ 8.9355e-02],
        [-6.6406e-02],
        [ 2.4805e-01],
        [ 1.8262e-01],
        [-2.4805e-01],
        [ 4.9023e-01],
        [ 2.5391e-01],
        [ 2.8906e-01],
        [ 1.7969e-01],
        [ 1.1768e-01],
        [-1.0547e-01],
        [-2.0898e-01],
        [-5.7617e-02],
        [ 1.2451e-01],
        [ 1.1133e-01],
        [ 2.2363e-01],
        [-1.1719e-01],
        [ 1.3672e-02],
        [ 1.4258e-01],
        [-2.4805e-01],
        [-8.0078e-02],
        [-1.3770e-01],
        [-1.7383e-01],
        [-2.4414e-01],
        [-2.1680e-01],
        [ 1.0205e-01],
        [-2.1484e-01],
        [-4.2480e-02],
        [-1.6406e-01],
        [ 2.5195e-01],
        [ 5.4688e-02],
        [-8.7891e-02],
        [ 6.4941e-02],
        [-8.2031e-02],
        [-6.8848e-02],
        [ 5.0781e-02],
        [-4.8828e-02],
        [-1.9727e-01],
        [ 2.4219e-01],
        [ 8.6914e-02],
        [ 1.7871e-01],
        [ 5.2344e-01],
        [ 5.1575e-03],
        [-2.2852e-01],
        [-3.1250e-02],
        [-5.2734e-02],
        [-4.2969e-02],
        [-1.7383e-01],
        [-1.7871e-01],
        [ 2.1387e-01],
        [ 1.8750e-01],
        [-1.7578e-02],
        [ 7.0801e-02],
        [ 1.2988e-01],
        [-2.3633e-01],
        [ 6.5430e-02],
        [ 8.6914e-02],
        [-9.3750e-02],
        [-1.8555e-01],
        [ 1.2695e-01],
        [ 1.4160e-01],
        [ 3.6328e-01],
        [-2.3340e-01],
        [-8.7891e-02],
        [-2.1094e-01],
        [-1.2207e-01],
        [-1.7773e-01],
        [ 6.2988e-02],
        [-8.2520e-02],
        [-1.7578e-01],
        [ 1.2695e-01],
        [-5.4688e-02],
        [ 1.8262e-01],
        [-2.9492e-01],
        [-8.6914e-02],
        [ 1.9629e-01],
        [-8.9844e-02],
        [-1.3281e-01],
        [-6.0547e-02],
        [-1.4453e-01],
        [-1.7188e-01],
        [-5.3223e-02],
        [ 2.2754e-01],
        [ 6.0791e-02],
        [-1.1182e-01],
        [ 4.6875e-02],
        [-1.1279e-01],
        [ 1.8945e-01],
        [ 2.6172e-01],
        [ 1.2695e-01],
        [-6.2988e-02],
        [-1.0156e-01],
        [-1.8945e-01],
        [-1.3672e-01],
        [-2.1484e-01],
        [-2.3438e-02],
        [-2.5000e-01],
        [ 2.5000e-01],
        [ 2.5000e-01],
        [-8.2031e-02],
        [ 6.6797e-01],
        [ 1.3672e-01],
        [ 3.5156e-02],
        [-9.5703e-02],
        [ 2.5195e-01],
        [-1.7578e-01],
        [-8.9844e-02],
        [-2.1484e-02],
        [ 6.8359e-03],
        [-7.0312e-02],
        [ 1.9043e-01],
        [-2.3047e-01],
        [ 1.4453e-01],
        [-5.0049e-02],
        [ 1.4258e-01],
        [-2.3438e-02],
        [ 4.0039e-01],
        [-1.1719e-01],
        [ 2.3560e-02],
        [ 1.9531e-03],
        [-2.5000e-01],
        [ 1.2012e-01],
        [ 1.7578e-02],
        [-1.1377e-01],
        [ 3.7305e-01],
        [-2.8320e-02],
        [-4.2969e-02],
        [ 4.4678e-02],
        [-2.4121e-01],
        [-1.3477e-01],
        [ 8.7891e-02],
        [ 2.5586e-01],
        [-8.1543e-02],
        [ 1.5234e-01],
        [ 6.4941e-02],
        [-2.0117e-01],
        [-1.8359e-01],
        [-7.7637e-02],
        [ 4.1016e-02],
        [-1.1328e-01],
        [-1.4453e-01],
        [ 6.0791e-02],
        [-9.2773e-02],
        [ 1.2354e-01],
        [ 2.9883e-01],
        [-1.6797e-01],
        [-2.3242e-01],
        [ 2.4219e-01],
        [-3.9062e-03],
        [-9.7656e-03],
        [-2.1289e-01],
        [ 1.5039e-01],
        [ 5.9570e-02],
        [ 2.4902e-01],
        [-3.3203e-02],
        [ 7.8125e-03],
        [-1.1914e-01],
        [ 1.3672e-01],
        [ 1.5137e-01],
        [-1.8433e-02],
        [ 1.5625e-01],
        [-1.9141e-01],
        [-2.1094e-01],
        [-1.1719e-02],
        [ 1.9727e-01],
        [-1.0498e-01],
        [-1.3281e-01],
        [ 2.5000e-01],
        [ 3.3203e-02],
        [-5.8594e-03],
        [ 1.3672e-01],
        [-1.5039e-01],
        [-1.9531e-03],
        [-1.5820e-01],
        [-1.3477e-01],
        [ 2.8125e-01],
        [-1.2500e-01],
        [ 1.6113e-01],
        [-4.2969e-02],
        [ 1.3672e-02],
        [ 2.2656e-01],
        [ 1.2598e-01],
        [-8.9844e-02],
        [ 1.4062e-01],
        [ 5.3467e-02],
        [-2.8906e-01],
        [-7.2266e-02],
        [-1.6016e-01],
        [-1.4258e-01],
        [ 1.8750e-01],
        [-5.8594e-03],
        [-1.5039e-01],
        [-1.9336e-01],
        [-5.6641e-02],
        [ 1.2598e-01],
        [ 2.2461e-01],
        [-9.3750e-02],
        [-6.6406e-02],
        [ 5.6641e-02],
        [-4.6875e-02],
        [-4.2969e-02],
        [-2.5977e-01],
        [-5.8594e-03],
        [-1.9141e-01],
        [ 3.0664e-01],
        [-6.5430e-02],
        [-2.0508e-01],
        [ 1.7480e-01],
        [-1.9434e-01],
        [ 2.2461e-01],
        [ 7.0312e-02],
        [-6.0547e-02],
        [ 8.7891e-02],
        [-2.4609e-01],
        [-1.8359e-01],
        [-1.2158e-01],
        [ 7.4219e-02],
        [ 3.9062e-01],
        [ 1.7285e-01],
        [-1.0596e-01],
        [-1.2354e-01],
        [-1.6406e-01],
        [ 8.5938e-02],
        [-1.8359e-01],
        [ 1.0742e-01],
        [ 2.3340e-01],
        [-1.7773e-01],
        [ 4.7070e-01],
        [-2.0117e-01],
        [ 1.7578e-02],
        [ 3.5156e-01],
        [-3.5156e-02],
        [-2.3047e-01],
        [ 1.3867e-01],
        [-1.7578e-02],
        [-2.4219e-01],
        [-2.4023e-01],
        [-2.7539e-01],
        [-1.4355e-01],
        [ 6.6406e-02],
        [ 3.3594e-01],
        [-4.2969e-02],
        [ 1.5869e-02],
        [-1.9141e-01],
        [-5.0293e-02],
        [-1.9922e-01],
        [ 4.8242e-01],
        [ 1.3086e-01],
        [ 9.5215e-02],
        [ 1.8066e-01],
        [ 1.2451e-01],
        [ 1.0645e-01],
        [-1.7578e-01],
        [ 1.4453e-01],
        [-1.0107e-01],
        [-3.2959e-02],
        [ 2.4707e-01],
        [ 2.2070e-01],
        [-7.8125e-03],
        [-2.4805e-01],
        [-1.7578e-01],
        [ 2.5391e-01],
        [ 0.0000e+00],
        [ 5.8350e-02],
        [ 1.0693e-01],
        [ 9.7656e-02],
        [ 6.3965e-02],
        [-4.2725e-02],
        [-2.3242e-01],
        [-1.7773e-01],
        [-1.6602e-01],
        [-1.0254e-01],
        [ 1.2598e-01],
        [ 1.5918e-01],
        [-1.4844e-01],
        [ 2.5000e-01],
        [ 2.0801e-01],
        [-2.2266e-01],
        [-8.7891e-02],
        [ 2.0874e-02],
        [-7.6172e-02],
        [-3.8818e-02],
        [ 2.2852e-01],
        [ 1.6992e-01],
        [-6.8359e-02],
        [-2.0117e-01],
        [-1.4355e-01],
        [-1.6406e-01],
        [-2.3730e-01],
        [-1.6211e-01],
        [ 5.0049e-02]])