tensor([[ 0.1406],
        [ 0.3164],
        [ 0.4180],
        [ 0.0723],
        [ 0.3066],
        [ 0.2412],
        [ 0.2637],
        [ 0.2109],
        [ 0.4551],
        [ 0.2334],
        [ 0.2393],
        [ 0.2559],
        [ 0.4199],
        [ 0.1445],
        [ 0.2393],
        [ 0.0693],
        [ 0.1689],
        [ 0.1201],
        [ 0.2197],
        [ 0.0674],
        [ 0.3320],
        [ 0.1953],
        [ 0.2754],
        [ 0.0996],
        [ 0.0400],
        [ 0.0791],
        [ 0.2891],
        [ 0.2334],
        [ 0.1914],
        [ 0.3594],
        [ 0.2559],
        [ 0.2090],
        [ 0.2578],
        [ 0.2451],
        [ 0.1738],
        [ 0.3984],
        [ 0.1621],
        [ 0.2656],
        [ 0.2295],
        [ 0.1484],
        [ 0.2490],
        [ 0.2637],
        [ 0.3398],
        [ 0.1680],
        [ 0.4023],
        [ 0.2012],
        [ 0.3906],
        [ 0.1064],
        [ 0.0088],
        [ 0.3105],
        [ 0.3555],
        [ 0.2393],
        [ 0.3203],
        [ 0.4355],
        [ 0.2324],
        [ 0.3867],
        [ 0.1426],
        [ 0.3008],
        [ 0.0957],
        [ 0.4102],
        [ 0.1992],
        [ 0.2539],
        [ 0.2373],
        [ 0.1582],
        [ 0.1680],
        [ 0.2969],
        [ 0.2246],
        [ 0.1504],
        [ 0.4297],
        [ 0.1660],
        [ 0.3145],
        [ 0.1328],
        [ 0.4805],
        [ 0.1963],
        [ 0.3320],
        [ 0.2676],
        [ 0.5312],
        [ 0.2500],
        [ 0.1855],
        [ 0.2656],
        [ 0.2988],
        [ 0.3398],
        [ 0.2988],
        [ 0.1738],
        [ 0.1621],
        [ 0.1406],
        [ 0.1387],
        [ 0.0811],
        [ 0.1738],
        [ 0.0635],
        [ 0.3535],
        [ 0.2617],
        [ 0.0967],
        [ 0.2500],
        [ 0.2891],
        [ 0.2129],
        [ 0.1484],
        [ 0.3828],
        [ 0.2285],
        [ 0.3789],
        [ 0.1543],
        [ 0.4043],
        [ 0.3984],
        [ 0.2754],
        [ 0.2422],
        [ 0.2334],
        [ 0.2031],
        [ 0.1143],
        [ 0.1484],
        [ 0.1719],
        [ 0.2363],
        [ 0.1855],
        [ 0.3066],
        [ 0.4219],
        [ 0.2520],
        [ 0.2051],
        [ 0.2461],
        [ 0.2949],
        [ 0.1133],
        [ 0.1816],
        [ 0.3066],
        [ 0.4062],
        [ 0.1787],
        [ 0.2871],
        [ 0.4297],
        [ 0.2256],
        [ 0.2676],
        [ 0.0088],
        [ 0.3086],
        [ 0.4219],
        [ 0.0967],
        [ 0.1934],
        [ 0.4062],
        [ 0.1143],
        [ 0.2852],
        [ 0.3555],
        [ 0.2578],
        [ 0.3770],
        [ 0.2236],
        [ 0.1641],
        [ 0.3535],
        [ 0.2617],
        [ 0.2432],
        [ 0.0977],
        [ 0.1797],
        [ 0.1230],
        [ 0.2812],
        [ 0.1943],
        [-0.0215],
        [ 0.1152],
        [ 0.3066],
        [ 0.2773],
        [ 0.1738],
        [ 0.3359],
        [ 0.3359],
        [ 0.2520],
        [ 0.1807],
        [ 0.0166],
        [ 0.1387],
        [ 0.1953],
        [ 0.0859],
        [ 0.2285],
        [ 0.1387],
        [ 0.1143],
        [ 0.1211],
        [ 0.3340],
        [ 0.2773],
        [ 0.3125],
        [ 0.1826],
        [ 0.2949],
        [ 0.4062],
        [ 0.3301],
        [ 0.3672],
        [ 0.3340],
        [ 0.2598],
        [ 0.2734],
        [ 0.2109],
        [ 0.3184],
        [ 0.4258],
        [ 0.4258],
        [ 0.2139],
        [ 0.2266],
        [ 0.2695],
        [ 0.1924],
        [ 0.4258],
        [ 0.2041],
        [ 0.3086],
        [ 0.3086],
        [ 0.3965],
        [ 0.2324],
        [ 0.3359],
        [ 0.4141],
        [ 0.0986],
        [ 0.3125],
        [ 0.1914],
        [ 0.1934],
        [ 0.3027],
        [ 0.4023],
        [ 0.3984],
        [ 0.1729],
        [ 0.1797],
        [ 0.3516],
        [ 0.2617],
        [ 0.3555],
        [ 0.2314],
        [ 0.1396],
        [ 0.5234],
        [ 0.2188],
        [ 0.1348],
        [ 0.3867],
        [ 0.4062],
        [ 0.4121],
        [ 0.1279],
        [ 0.3047],
        [ 0.1777],
        [ 0.2451],
        [ 0.3027],
        [ 0.1855],
        [ 0.0625],
        [ 0.2734],
        [ 0.3594],
        [ 0.2305],
        [ 0.3281],
        [ 0.0469],
        [ 0.4023],
        [ 0.2412],
        [ 0.0791],
        [ 0.2041],
        [ 0.1953],
        [ 0.2305],
        [ 0.0879],
        [ 0.2324],
        [ 0.3359],
        [ 0.2520],
        [ 0.1309],
        [ 0.0000],
        [ 0.0947],
        [ 0.4453],
        [ 0.2217],
        [ 0.1689],
        [ 0.2412],
        [ 0.2930],
        [ 0.2812],
        [ 0.2051],
        [ 0.2432],
        [ 0.2129],
        [ 0.1680],
        [ 0.2129],
        [ 0.2500],
        [ 0.3320],
        [ 0.3730],
        [ 0.2139],
        [ 0.2637],
        [ 0.2451],
        [ 0.3867],
        [ 0.2402],
        [ 0.3828],
        [ 0.1562],
        [ 0.2129],
        [ 0.0186],
        [ 0.1211],
        [ 0.2930],
        [ 0.4844],
        [ 0.1504],
        [ 0.2852],
        [ 0.2891],
        [ 0.2793],
        [ 0.3867],
        [ 0.3262],
        [ 0.4707],
        [ 0.1211],
        [ 0.4160],
        [ 0.3359],
        [ 0.3242],
        [ 0.3320],
        [ 0.2637],
        [ 0.1846],
        [ 0.2695],
        [ 0.3340],
        [ 0.2812],
        [ 0.1787],
        [ 0.1064],
        [ 0.1006],
        [ 0.2695],
        [ 0.3828],
        [ 0.2734],
        [ 0.2285],
        [ 0.2910],
        [ 0.3438],
        [ 0.1875],
        [ 0.2617],
        [ 0.1289],
        [ 0.2754],
        [ 0.3066],
        [ 0.1836],
        [ 0.3867],
        [ 0.2197],
        [ 0.3828],
        [ 0.3730],
        [ 0.3672],
        [ 0.3555],
        [ 0.3340],
        [ 0.2656],
        [ 0.1963],
        [ 0.2090],
        [ 0.3516],
        [ 0.2695],
        [ 0.3652],
        [ 0.0938],
        [ 0.4473],
        [ 0.3047],
        [ 0.3105],
        [ 0.3867],
        [ 0.3477],
        [ 0.3828],
        [ 0.3047],
        [ 0.2969],
        [ 0.2500],
        [ 0.2461],
        [ 0.1562],
        [ 0.1621],
        [ 0.1602],
        [ 0.1270],
        [ 0.3789],
        [ 0.3340],
        [ 0.2188],
        [ 0.1973],
        [ 0.2676],
        [ 0.2734],
        [ 0.0850],
        [ 0.3984],
        [ 0.2412],
        [ 0.2715],
        [ 0.1240],
        [ 0.2715],
        [ 0.1738],
        [ 0.2266],
        [ 0.2910],
        [ 0.2432],
        [ 0.1855],
        [ 0.1465],
        [ 0.2617],
        [ 0.2656],
        [ 0.2539],
        [ 0.1426],
        [ 0.0029],
        [ 0.1719],
        [ 0.2871],
        [ 0.1914],
        [ 0.2910],
        [ 0.3789],
        [ 0.1270],
        [ 0.2090],
        [ 0.2832],
        [ 0.2393],
        [ 0.1631],
        [ 0.2500],
        [ 0.2930],
        [ 0.3105],
        [ 0.3789],
        [ 0.5312],
        [ 0.3867],
        [ 0.0625],
        [ 0.1357],
        [ 0.2051],
        [ 0.2188],
        [ 0.3496],
        [ 0.2793],
        [ 0.0293],
        [ 0.2422],
        [ 0.1719],
        [ 0.2871],
        [ 0.0713],
        [ 0.3633],
        [ 0.4297],
        [ 0.3438],
        [ 0.2295],
        [ 0.3652],
        [ 0.1660],
        [ 0.2354],
        [ 0.2363],
        [ 0.2422],
        [ 0.4121],
        [ 0.3008],
        [ 0.2852],
        [ 0.1328],
        [ 0.2695],
        [ 0.2598],
        [ 0.3203],
        [ 0.2988],
        [ 0.3477],
        [ 0.0293],
        [ 0.3594],
        [ 0.2539],
        [ 0.2930],
        [ 0.3223],
        [ 0.1484],
        [ 0.3711],
        [ 0.1885],
        [ 0.3789],
        [ 0.2988],
        [ 0.2988],
        [ 0.3633],
        [ 0.1621],
        [ 0.3047],
        [ 0.3828],
        [ 0.1973],
        [ 0.3066],
        [ 0.3633],
        [ 0.4727],
        [ 0.1680],
        [ 0.2578],
        [ 0.4160],
        [ 0.3633],
        [ 0.2949],
        [ 0.1758],
        [ 0.4160],
        [ 0.3320],
        [ 0.1641],
        [ 0.3652],
        [ 0.2188],
        [ 0.1699],
        [ 0.3613],
        [ 0.1895],
        [ 0.4004],
        [ 0.2207],
        [ 0.2930],
        [ 0.3242],
        [ 0.1250],
        [ 0.1846],
        [ 0.1250],
        [ 0.1523],
        [ 0.1826],
        [ 0.1025],
        [ 0.2559],
        [ 0.1973],
        [ 0.2656],
        [ 0.2383],
        [ 0.4141],
        [ 0.3652],
        [ 0.3203],
        [ 0.1973],
        [ 0.2617],
        [ 0.2617],
        [ 0.3242],
        [ 0.1963],
        [ 0.2246],
        [ 0.3984],
        [ 0.4160],
        [ 0.2949],
        [ 0.3691],
        [ 0.1631],
        [ 0.1777],
        [ 0.2617],
        [ 0.1250],
        [ 0.2334],
        [ 0.2656],
        [ 0.2559],
        [ 0.2148],
        [ 0.0439],
        [ 0.1719],
        [ 0.2246],
        [ 0.3242],
        [ 0.1396],
        [ 0.2012],
        [ 0.3477],
        [ 0.2471],
        [ 0.2246],
        [ 0.1387],
        [ 0.4414],
        [ 0.3730],
        [ 0.1113],
        [ 0.2402],
        [ 0.3828],
        [ 0.1445],
        [ 0.4961],
        [ 0.1221],
        [ 0.2197],
        [ 0.1924],
        [ 0.2637],
        [ 0.2432],
        [ 0.3164],
        [ 0.3828],
        [ 0.3086],
        [ 0.1328],
        [ 0.2559],
        [ 0.3340],
        [ 0.1016],
        [ 0.2559],
        [ 0.2656],
        [ 0.4180],
        [ 0.3535],
        [ 0.1836],
        [ 0.0908],
        [ 0.0977],
        [ 0.3262],
        [ 0.3242],
        [ 0.0830],
        [ 0.2773],
        [ 0.2832],
        [ 0.3262],
        [ 0.2715],
        [ 0.2988],
        [ 0.1055],
        [ 0.1348],
        [ 0.4434],
        [ 0.2695],
        [ 0.1680],
        [ 0.3906],
        [ 0.3398],
        [ 0.3457],
        [ 0.0449]])